NUMERO DE CASOS 100
1 80 0 100 89
2 100 1 11 5
3 60 1 45 45
4 99 5 7 7
5 55 10 30 3
6 78 2 1 10
7 3 3 5 9
8 65 9 36 53
9 93 0 2 7
10 78 0 14 1
11 15 8 75 11
12 10 11 12 4
13 25 4 23 56
14 14 6 100 78
15 79 0 85 12
16 47 1 2 12
17 32 14 32 79
18 1 15 1 2
19 78 20 2 26
20 34 0 72 12
21 100 9 97 86
22 56 19 72 36
23 47 36 21 6
24 88 30 91 74
25 12 80 93 65
26 34 72 28 77
27 85 26 4 17
28 56 52 99 91
29 45 75 17 99
30 50 0 34 90
31 49 74 100 95
32 44 29 46 42
33 28 79 84 37
34 30 50 48 50
35 49 25 86 54
36 80 59 84 41
37 23 51 34 46
38 17 82 1 53
39 79 37 71 41
40 53 0 22 18
41 2 55 63 99
42 81 91 91 32
43 74 25 74 72
44 56 18 61 98
45 54 25 3 24
46 44 21 85 8
47 81 99 92 63
48 15 32 24 58
49 98 79 63 22
50 48 0 15 76
51 44 32 64 54
52 61 55 77 18
53 16 15 13 82
54 52 69 87 50
55 12 21 24 29
56 68 65 64 32
57 55 26 79 4
58 94 93 87 78
59 55 11 43 72
60 65 0 17 75
61 13 62 96 87
62 1 67 22 57
63 14 32 78 78
64 92 13 37 66
65 38 41 30 4
66 11 19 34 20
67 1 12 96 89
68 35 5 43 88
69 96 58 16 89
70 42 0 46 88
71 98 10 48 83
72 58 54 34 29
73 32 41 29 47
74 66 68 36 93
75 80 97 77 31
76 62 81 21 74
77 45 13 16 46
78 15 15 98 41
79 41 12 43 84
80 53 0 5 96
81 25 25 18 70
82 22 73 55 39
83 36 84 63 20
84 82 61 43 52
85 36 32 83 30
86 8 37 6 11
87 18 96 44 77
88 32 27 10 67
89 34 44 86 40
90 51 0 59 53
91 66 41 84 26
92 5 4 71 64
93 66 29 53 32
94 82 49 4 31
95 56 94 92 37
96 74 1 75 81
97 69 25 5 91
98 59 74 17 11
99 8 68 73 24
100 73 0 7 22